885
1661
2208
3690
4063
4203
5986
7840
8892
9652
10398
10620
11016
11394
12899
12983
13857
15254
15267
17501
18035
18732
18971
19829
20700
21363
21785
21829
22056
22533
22559
23406
24414
24782
25323
25594
26681
28586
29333
29724
30451
31011
32017
32075
32191
32304
33302
34035
36202
36399
37042
39241
39758
41038
41544
41967
42362
42686
43046
45599
47165
47592
47974
49744
50538
50917
52158
54665
58031
58849
61640
65348
66023
66172
67310
67543
68495
70253
71036
71540
71884
72892
73142
73875
74162
74361
75027
75840
76063
76748
76978
78522
78779
78835
80159
80375
80852
85321
85714
85991
87277
87786
88793
89100
90667
93582
93758
94793
94884
96051
96136
96515
97573
98418
99856
101088
103421
103835
104830
104857
104993
105837
105851
105954
107192
107829
109340
109496
111553
112069
112963
113174
113392
114044
114807
116771
118589
119446
119737
119869
120260
120693
121171
121463
123646
123802
123806
123826
124976
126762
127716
129230
129919
131090
131207
131788
132434
132466
135527
136725
139478
140891
141707
141920
143229
144806
145001
145223
145353
145884
148413
148562
153576
154485
155378
155619
156828
159456
161669
163346
163666
164590
165566
165892
166665
167214
167379
168010
169478
169890
170431
171650
172111
172757
172803
173202
173675
174643
175514
175605
176139
176312
176741
176783
177861
177937
178585
178624
179848
179849
180537
180735
181076
181248
181411
181657
184838
185819
186204
186804
186808
188289
189565
192122
193577
194936
195833
195887
197050
197173
199060
199071
199125
203548
206948
208540
208893
209208
209546
210142
210184
210609
213746
213819
214771
215413
215466
215756
216205
216641
216783
217699
217797
217932
219036
219094
219247
220153
222313
222436
223313
223377
225646
227077
227120
228160
228189
229408
230130
230849
231315
232460
232852
233117
234037
234581
235994
236321
236695
237961
238473
238676
239874
240758
242081
243389
243454
244406
244546
244873
246038
246614
248757
249953
251273
252175
252696
253147
254006
254531
255600
256091
257003
257790
258349
259309
259660
260273
260494
261681
262209
262374
262768
263069
264616
264856
265719
265770
267459
267579
267613
267692
267695
270500
270973
271337
271671
271699
271949
272128
273045
274710
277435
279267
279482
279680
280521
281028
281085
281691
282139
282162
282359
282864
283386
283975
286171
286497
287912
288594
289192
290365
290647
291106
291160
294426
294856
295018
297845
297962
298615
303858
304385
304948
305016
305361
307746
308306
308798
309828
309906
309909
310103
310454
310787
310811
311297
312349
313111
313228
313447
314117
317518
318104
318419
319189
319605
320168
320335
320468
321269
321686
322249
323516
324808
325439
326249
326370
326948
327160
328188
328498
329734
331422
331904
332120
332651
332765
332835
332849
335317
335807
336305
336850
336981
337643
339411
341149
341277
343137
343661
344031
345656
347222
348372
348856
350167
350573
352332
353319
355120
355311
355345
355567
355850
356814
357456
359077
360020
360527
360552
361153
362493
362889
363783
364885
366424
367224
370434
372185
372430
373111
373137
374121
374151
374294
376639
376881
377973
378630
382453
382616
384957
385989
386094
386599
388521
389665
391881
392904
395520
395898
396250
396329
396403
396652
397252
397655
398055
398700
399721
400926
400960
401873
402327
402628
405334
408066
408744
409008
409446
410275
411628
412357
412461
412719
412727
414080
414932
416292
416536
416615
416617
417120
417915
418804
419121
419132
420223
420565
421290
421447
421868
422155
423926
424101
424937
426349
426769
428053
428831
431111
432271
433481
433622
434439
434555
436388
436396
436924
440366
441365
441464
442611
442621
443125
446556
446788
447007
447390
447482
450091
451067
452209
452623
452739
453653
453789
453951
453981
456238
458405
459158
459411
459608
460086
460284
460743
462087
463771
463800
463977
465123
466677
467022
467317
468080
468393
469659
471217
471325
471389
471664
471696
472745
472811
475003
475329
476789
478001
480005
480401
481434
481706
481929
483238
484002
484516
487355
489792
490667
491608
491698
492117
495185
496784
500181
502086
503554
504471
507116
508033
508080
508480
509380
509604
511554
511669
512536
513480
514650
516213
516267
516278
516635
517221
518479
519069
519072
519120
519501
519896
520611
523619
524078
524677
525126
525231
525787
526635
527467
528594
529237
529828
530462
530903
531799
532380
533123
533592
534008
534895
535068
535116
535780
536366
536484
536547
537395
538728
538916
539343
540075
541693
542022
543873
546243
548612
549344
549636
551750
552172
552998
553259
553745
554028
554061
554210
554383
556747
558388
559996
560248
560285
563601
564196
564352
564635
565492
565829
566345
567675
567712
567911
568684
569285
569298
570659
570661
570684
571161
571774
571869
571990
574228
574615
574974
575457
575951
576936
577004
577509
577795
577944
577980
579147
579715
579811
581331
583262
583484
583939
584739
586546
587629
587954
588297
588626
590705
591472
591865
592383
593458
596853
596963
597182
597687
597982
598259
598321
598507
598980
599172
600391
601235
602256
603818
605861
606261
607110
607132
607212
607279
607488
608129
608248
609676
612817
612851
614190
615296
615941
616122
617613
619272
619326
619869
620137
621998
622378
623460
624912
625549
626538
627220
628993
629364
629857
630018
630662
631130
633321
634382
634873
635046
635068
635547
635709
636944
638524
639281
639579
640052
640980
641090
641863
642195
642202
642964
643031
643486
644675
645069
646869
647817
650152
651820
652636
652688
653223
653776
653816
655152
656289
658009
658976
659829
659924
660262
661412
661596
664516
666234
666246
666404
666865
667914
670156
671461
673494
674723
676633
677815
677840
678592
679129
679689
680008
680258
680357
680928
681098
683244
683682
683724
684790
685147
688554
688750
690786
691236
691763
691875
692594
692941
693983
695127
696000
697034
697562
698307
700216
701330
702866
702977
704851
705810
706649
706900
707217
707249
707686
709727
710161
711118
711509
713964
714498
714747
715208
716491
716610
716730
718308
719830
719861
719982
720318
720487
721619
722372
723092
723986
725303
726198
726282
728813
729633
733159
733482
734430
735341
735348
736756
737035
737191
737549
738117
738221
738832
741018
742412
743780
744744
745738
746156
746178
746721
747473
748092
749547
749845
750518
750835
751989
752843
753043
753377
753753
754552
756321
756531
756589
757373
757730
758790
759129
759500
760705
761111
761773
763594
763623
763762
764589
764831
765351
765620
766649
766951
767896
768360
769477
770793
772190
772512
772703
773273
774075
774441
775783
776474
779245
779858
779974
780147
780801
780924
781994
782431
783564
785145
785988
787074
787196
787875
788976
789878
790778
792290
794212
794558
795460
795991
797911
797926
798035
798588
799308
800267
800798
800875
803238
804423
804781
805255
806425
807668
807952
813440
813524
813776
813914
815160
815525
815557
815707
816256
816277
816691
817406
817620
817907
819885
820268
820483
820720
821126
821722
823274
823564
823669
824646
825082
825244
826399
827036
828131
828247
829518
830665
830975
831239
831591
833600
834879
835817
836016
836138
836565
837075
837223
840775
841235
841704
842410
842904
843652
844605
845663
846776
846796
847190
847514
847525
847935
848444
848798
849935
850540
852860
854495
854593
854931
856096
856728
858102
859217
859808
860341
860912
861457
866249
867977
868129
868751
869200
869711
870355
871028
872672
872787
873437
875134
875235
875909
876363
876914
878264
878384
878393
878568
880753
881557
881991
882633
882828
884780
886066
886534
887302
887376
888285
888598
888627
889508
890231
891841
892307
892339
892625
892645
893147
894737
896626
897264
897871
898576
899192
900217
900847
901719
902079
902833
903076
903081
903976
904553
907590
908243
908819
909555
909698
909759
909934
910245
910616
912142
912271
913365
913961
916394
918064
920045
921402
921624
924040
924490
925256
925346
925611
925902
928052
929064
929226
930273
930364
932054
934038
934500
936415
936710
936902
937174
937290
939078
940117
940157
940320
941526
943082
943381
943528
944570
945215
946956
947310
947931
950994
951219
953034
953389
953466
953947
954292
954398
954560
954709
955005
955239
956993
957206
957501
957760
958864
960778
961729
962285
962396
964015
964780
965146
966107
966371
966984
968159
969206
970003
970565
971154
971512
973076
973714
975288
976171
977469
977943
978251
978451
981929
982639
983015
983515
984045
984769
984787
984915
985658
986431
986619
986724
987436
989304
989405
989850
991188
991403
992086
995337
995852
998199
998500
998502
998734
